[0.0, 0.0, 0.0010000000474974513, 0.0]
[1.0, 1.0, 1.0, 1.0]
[1.0, 1.0, 1.0, 1.0]
[1.0, 1.0, 1.0, 1.0]
[1.0, 1.0, 1.0, 1.0]
[1.0, 1.0, 1.0, 1.0]
[1.0, 1.0, 1.0, 1.0]
[1.0, 1.0, 1.0, 1.0]
[0.1509999930858612, 0.03700000047683716, 0.1379999965429306, 0.08500000089406967]
[0.0, 0.0, 0.0, 0.0]
[1.0, 0.0, 1.0, 0.0]
[0.0, 0.0010000000474974513, 0.0, 0.0]
[0.1420000046491623, 0.039000000804662704, 0.13600000739097595, 0.08399999886751175]
[0.0, 0.0, 1.0, 0.0]
[0.05999999865889549, 0.9900000095367432, 1.0, 1.0]
[1.0, 1.0, 1.0, 1.0]
[0.1509999930858612, 0.03700000047683716, 0.1379999965429306, 0.08500000089406967]
[0.0, 0.0, 0.0, 0.0]
[0.9879999756813049, 0.0020000000949949026, 0.9909999966621399, 0.0]
[0.9750000238418579, 0.00800000037997961, 0.9990000128746033, 0.04399999976158142]
[0.012000000104308128, 0.0010000000474974513, 0.0010000000474974513, 0.0020000000949949026]
[0.0, 0.0, 0.0, 0.0]
[0.1509999930858612, 0.03700000047683716, 0.1379999965429306, 0.08500000089406967]
[0.1509999930858612, 0.03700000047683716, 0.1379999965429306, 0.08500000089406967]
[0.1509999930858612, 0.03700000047683716, 0.1379999965429306, 0.08500000089406967]
[0.1509999930858612, 0.03700000047683716, 0.1379999965429306, 0.08500000089406967]
[0.0, 1.0, 0.03400000184774399, 0.0]
[0.0, 0.0, 0.0, 0.0]
[0.1289999932050705, 0.03700000047683716, 0.12399999797344208, 0.07900000363588333]
[0.0, 0.0, 0.0, 0.0]
[0.15000000596046448, 0.039000000804662704, 0.13600000739097595, 0.08299999684095383]
[0.0, 0.0, 0.0, 0.0]
[0.0, 1.0, 0.0, 0.0]
[0.0, 0.0, 0.0, 0.0]
[0.0, 0.0, 1.0, 0.0]
[0.0010000000474974513, 0.0, 0.003000000026077032, 0.0]
[1.0, 0.0, 0.0, 0.0]
[1.0, 1.0, 1.0, 0.0]
[1.0, 1.0, 1.0, 0.0]
[1.0, 1.0, 1.0, 1.0]
[1.0, 1.0, 1.0, 1.0]
[0.1979999989271164, 0.9990000128746033, 1.0, 1.0]
[1.0, 1.0, 1.0, 0.9990000128746033]
[1.0, 1.0, 1.0, 0.0]
[0.0, 0.0, 0.0, 0.0]
[1.0, 0.0, 0.0, 1.0]
[1.0, 1.0, 0.0, 1.0]
[1.0, 1.0, 1.0, 1.0]
[1.0, 1.0, 0.0, 1.0]
[1.0, 0.0, 1.0, 0.0]
[1.0, 1.0, 1.0, 1.0]
[1.0, 1.0, 1.0, 1.0]
[0.0, 0.0, 1.0, 0.0]
[0.0, 0.0, 0.0, 0.0010000000474974513]
[0.0, 0.0, 0.0, 1.0]
[0.0, 1.0, 1.0, 0.0]
[0.1509999930858612, 0.03700000047683716, 0.1379999965429306, 0.08500000089406967]
[0.0010000000474974513, 0.0, 0.0010000000474974513, 0.0]
[0.0, 1.0, 0.0, 1.0]
[0.0, 1.0, 1.0, 1.0]
[0.9929999709129333, 1.0, 0.9990000128746033, 0.996999979019165]
[0.0, 0.0, 1.0, 0.0]
[0.0, 0.0, 1.0, 0.0]
[0.0, 0.0, 1.0, 0.0]
[0.0, 0.0, 1.0, 0.0]
[0.0, 0.0, 1.0, 0.0]
[0.0, 0.0, 1.0, 0.0]
[0.0, 0.0, 1.0, 0.0010000000474974513]
[0.0, 0.0, 1.0, 0.0]
[0.1509999930858612, 0.03700000047683716, 0.1379999965429306, 0.08500000089406967]
[0.1509999930858612, 0.03700000047683716, 0.1379999965429306, 0.08500000089406967]
[0.1509999930858612, 0.03700000047683716, 0.1379999965429306, 0.08500000089406967]
[0.1509999930858612, 0.03700000047683716, 0.1379999965429306, 0.08500000089406967]
[0.1509999930858612, 0.03700000047683716, 0.1379999965429306, 0.08500000089406967]
[0.1509999930858612, 0.03700000047683716, 0.1379999965429306, 0.08500000089406967]
[0.0, 0.0020000000949949026, 0.0, 0.0]
[0.0, 0.9990000128746033, 0.0, 0.0]
[0.0, 0.0, 0.0, 0.0]
[0.0, 0.0, 0.0, 0.0]
[0.0, 0.0, 1.0, 0.0]
[1.0, 0.0, 1.0, 1.0]
[1.0, 1.0, 0.0, 0.0]
[1.0, 1.0, 0.0, 1.0]
[1.0, 1.0, 1.0, 1.0]
[1.0, 0.8320000171661377, 0.9890000224113464, 0.875]
[1.0, 1.0, 1.0, 1.0]
[1.0, 1.0, 1.0, 1.0]
[0.9430000185966492, 1.0, 1.0, 0.9789999723434448]
[0.0, 1.0, 0.996999979019165, 0.9990000128746033]
[1.0, 0.0, 0.9990000128746033, 0.0]
[1.0, 0.0, 1.0, 0.0]
[1.0, 1.0, 1.0, 1.0]
[1.0, 1.0, 1.0, 1.0]
[1.0, 0.9990000128746033, 1.0, 1.0]
[0.9990000128746033, 0.9750000238418579, 0.9959999918937683, 1.0]
[1.0, 1.0, 1.0, 1.0]
[0.0, 1.0, 0.5379999876022339, 0.7749999761581421]
[0.9990000128746033, 1.0, 1.0, 0.9990000128746033]
[0.9629999995231628, 0.0010000000474974513, 1.0, 0.0]
[1.0, 0.0, 1.0, 0.0]
[0.0, 0.0, 1.0, 1.0]
[1.0, 1.0, 0.0, 1.0]
[1.0, 0.0, 0.0, 0.0]
[1.0, 0.0, 0.0, 0.0]
[1.0, 0.0, 1.0, 1.0]
[1.0, 1.0, 1.0, 1.0]
[0.9990000128746033, 0.0, 1.0, 0.0]
[1.0, 0.0, 0.0, 0.0]
[1.0, 0.0, 0.0, 1.0]
[1.0, 0.0, 1.0, 0.0]
[1.0, 0.0, 1.0, 0.0]
[0.0010000000474974513, 1.0, 0.0, 1.0]
[1.0, 1.0, 0.9990000128746033, 1.0]
[1.0, 1.0, 1.0, 1.0]
[0.9980000257492065, 0.0, 0.9890000224113464, 0.0]
[0.0, 0.0010000000474974513, 0.0020000000949949026, 0.0010000000474974513]
[1.0, 1.0, 0.0, 1.0]
[1.0, 1.0, 0.0, 1.0]
[1.0, 1.0, 1.0, 0.0]
[0.0010000000474974513, 0.0, 1.0, 0.0]
[0.0, 0.0, 0.0, 1.0]
[0.0, 1.0, 0.0, 1.0]
[1.0, 0.0, 0.0, 0.0]
[1.0, 0.0, 0.0, 0.0]
[0.0, 0.0, 1.0, 0.0]
[0.0, 0.0, 0.0, 0.0]
[0.0, 1.0, 0.0, 1.0]
[1.0, 0.0, 0.0, 0.0]
[0.7239999771118164, 0.0020000000949949026, 0.04399999976158142, 0.0010000000474974513]
[0.0, 0.0, 0.0, 0.0]
[0.0020000000949949026, 0.08900000154972076, 0.023000000044703484, 0.0]
[0.0, 0.0, 0.0, 0.0020000000949949026]
[0.032999999821186066, 0.052000001072883606, 0.09000000357627869, 0.6940000057220459]
[0.0010000000474974513, 0.0010000000474974513, 0.9980000257492065, 0.0010000000474974513]
[0.0, 0.0, 0.0, 0.0]
[0.0, 0.2150000035762787, 0.0, 0.2669999897480011]
[0.0, 1.0, 0.0, 0.12200000137090683]
[0.0, 1.0, 1.0, 0.0]
[0.0, 0.0, 0.0, 0.0]
[0.0, 1.0, 1.0, 1.0]
[0.0, 1.0, 1.0, 1.0]
[1.0, 1.0, 1.0, 1.0]
[0.9509999752044678, 0.013000000268220901, 0.9610000252723694, 0.02500000037252903]
[0.0, 0.0, 0.0, 1.0]
[1.0, 0.0, 0.0, 1.0]
[0.9980000257492065, 0.0, 0.004000000189989805, 0.007000000216066837]
[1.0, 0.9950000047683716, 0.04500000178813934, 1.0]
[1.0, 1.0, 1.0, 1.0]
[0.0010000000474974513, 0.0010000000474974513, 1.0, 0.003000000026077032]
[0.1509999930858612, 0.03700000047683716, 0.1379999965429306, 0.08500000089406967]
[0.0, 0.0, 0.0, 0.0]
[0.06800000369548798, 0.03400000184774399, 0.006000000052154064, 0.07500000298023224]
[0.0, 0.0, 0.0, 0.0]
[0.0010000000474974513, 0.0, 0.0, 0.0]
[0.0, 0.0, 0.0, 0.0]
[0.0, 0.0010000000474974513, 0.0, 0.0]
[0.0, 0.0, 0.0, 0.0]
[0.0, 0.006000000052154064, 0.5299999713897705, 0.0]
[0.0, 0.07999999821186066, 0.012000000104308128, 0.0]
[0.0, 0.0, 0.0, 0.0]
[0.0010000000474974513, 0.0, 0.0, 0.0]
[0.0, 0.0, 0.0, 0.0]
[0.0, 0.0, 0.0, 0.0]
[0.1509999930858612, 0.03700000047683716, 0.1379999965429306, 0.08500000089406967]
[0.0, 0.0, 0.0, 0.0]
[0.0, 0.0, 0.0, 0.0]
[0.0, 0.0, 0.0, 0.0]
[0.0, 0.0, 0.0, 0.0]
[0.1509999930858612, 0.03700000047683716, 0.1379999965429306, 0.08500000089406967]
[0.0, 0.0, 0.0, 0.0]
[0.0, 1.0, 0.0, 0.0]
[0.0, 0.0, 0.0, 0.0]
[0.1509999930858612, 0.03700000047683716, 0.1379999965429306, 0.08500000089406967]
[0.1509999930858612, 0.03700000047683716, 0.1379999965429306, 0.08500000089406967]
[0.1509999930858612, 0.03700000047683716, 0.1379999965429306, 0.08500000089406967]
[0.1509999930858612, 0.03700000047683716, 0.1379999965429306, 0.08500000089406967]
[0.1509999930858612, 0.03700000047683716, 0.1379999965429306, 0.08500000089406967]
[0.1509999930858612, 0.03700000047683716, 0.1379999965429306, 0.08500000089406967]
[0.0, 0.0, 0.0, 0.0010000000474974513]
[0.0, 1.0, 1.0, 0.0]
[0.8730000257492065, 1.0, 0.8230000138282776, 1.0]
[1.0, 0.0, 0.0, 0.0]
[0.1509999930858612, 0.03700000047683716, 0.1379999965429306, 0.08500000089406967]
[0.1509999930858612, 0.03700000047683716, 0.1379999965429306, 0.08500000089406967]
[0.1509999930858612, 0.03700000047683716, 0.1379999965429306, 0.08500000089406967]
[0.1509999930858612, 0.03700000047683716, 0.1379999965429306, 0.08500000089406967]
[0.010999999940395355, 0.006000000052154064, 0.9459999799728394, 0.004999999888241291]
[0.0, 0.0, 0.9990000128746033, 0.0]
[0.0, 0.0, 1.0, 0.0]
[0.0020000000949949026, 0.0010000000474974513, 0.9990000128746033, 0.0]
[0.0, 0.0, 1.0, 0.0]
[0.1509999930858612, 0.03700000047683716, 0.1379999965429306, 0.08500000089406967]
[0.0, 0.0, 0.0, 1.0]
[0.0, 1.0, 1.0, 1.0]
[0.0, 1.0, 1.0, 1.0]
[0.0, 1.0, 1.0, 1.0]
[0.0, 1.0, 0.9990000128746033, 0.0]
[0.1509999930858612, 0.03700000047683716, 0.1379999965429306, 0.08500000089406967]
[0.0, 1.0, 0.0, 0.0]
[0.0, 0.06400000303983688, 0.0, 0.11100000143051147]
[0.0, 1.0, 0.0, 1.0]
[1.0, 1.0, 1.0, 1.0]
[0.996999979019165, 0.9869999885559082, 0.7639999985694885, 0.9750000238418579]
[1.0, 0.0, 0.0, 0.0010000000474974513]
[0.9950000047683716, 0.0, 0.0020000000949949026, 0.0]
[0.0, 0.0, 0.02500000037252903, 0.029999999329447746]
[0.18000000715255737, 0.0, 0.041999999433755875, 0.014000000432133675]
[0.0010000000474974513, 0.0, 0.0, 0.0]
[0.0, 1.0, 0.0, 1.0]
[0.0, 1.0, 0.996999979019165, 1.0]
[0.0, 0.8090000152587891, 0.9990000128746033, 0.3540000021457672]
[0.0, 0.0, 0.0, 0.0]
[0.0, 1.0, 1.0, 1.0]
[0.0, 0.9490000009536743, 0.8840000033378601, 0.9980000257492065]
[0.0, 0.0, 1.0, 0.0]
[0.1509999930858612, 0.03700000047683716, 0.1379999965429306, 0.08500000089406967]
[0.0, 0.003000000026077032, 0.0, 0.0]
[0.0, 1.0, 0.0, 1.0]
[0.0, 0.0, 0.0, 0.0]
[0.0, 1.0, 0.0, 0.0]
[0.0, 0.0, 0.0, 0.0]
[0.03099999949336052, 0.010999999940395355, 0.10400000214576721, 0.007000000216066837]
[0.0, 0.0, 0.0, 0.0]
[0.0, 0.0, 0.0, 0.0]
[0.0010000000474974513, 0.0, 0.0010000000474974513, 0.0]
[0.1509999930858612, 0.03700000047683716, 0.1379999965429306, 0.08500000089406967]
[1.0, 0.0, 0.0, 0.0]
[0.0, 0.09200000017881393, 0.0, 0.9980000257492065]
[1.0, 1.0, 1.0, 0.0]
[0.0010000000474974513, 0.5019999742507935, 0.7279999852180481, 0.9459999799728394]
[1.0, 0.0, 1.0, 0.0]
[0.0, 0.0, 0.0, 0.0]
[0.0, 0.006000000052154064, 0.0010000000474974513, 0.9980000257492065]
[0.0, 0.9990000128746033, 1.0, 1.0]
[0.0, 0.0, 0.0, 0.0]
[0.0, 1.0, 0.0, 1.0]
[0.0, 1.0, 1.0, 1.0]
[0.0, 1.0, 1.0, 1.0]
[0.0, 0.0, 0.0, 0.0]
[0.004999999888241291, 0.0, 0.0, 0.004999999888241291]
[0.0010000000474974513, 0.0, 0.0010000000474974513, 1.0]
[0.004000000189989805, 0.0020000000949949026, 0.03400000184774399, 0.007000000216066837]
[0.0, 0.0, 1.0, 0.0]
[0.0, 0.07000000029802322, 0.004999999888241291, 0.6430000066757202]
[0.0, 0.0010000000474974513, 0.0, 0.0]
[0.0, 1.0, 0.0, 1.0]
[0.0, 1.0, 0.0, 0.0]
[0.0, 0.0, 1.0, 0.0]
[0.007000000216066837, 0.5419999957084656, 0.9990000128746033, 0.0]
[0.0, 0.0, 0.0, 0.0]
[0.0, 0.003000000026077032, 0.9980000257492065, 0.0]
[0.0, 0.0, 0.0, 0.0]
[0.0010000000474974513, 0.0, 0.9990000128746033, 0.0]
[0.0, 0.0010000000474974513, 1.0, 0.0]
[0.0, 0.017999999225139618, 0.12600000202655792, 0.0]
[0.0, 0.0, 0.0, 0.0]
[0.0, 0.0, 0.0, 0.0]
[0.0, 0.0, 0.0, 0.0]
[0.0, 1.0, 0.0, 1.0]
[0.0, 1.0, 0.0, 1.0]
[0.0, 0.0, 1.0, 1.0]
[0.0, 0.0, 1.0, 1.0]
[0.0010000000474974513, 0.0010000000474974513, 0.0, 0.0]
[1.0, 0.0, 0.0, 0.0]
[0.9980000257492065, 0.0, 0.0, 0.0]
[0.0, 0.0, 0.0, 0.0]
[0.006000000052154064, 0.02199999988079071, 0.014999999664723873, 0.06199999898672104]
[0.008999999612569809, 0.013000000268220901, 0.03400000184774399, 0.012000000104308128]
[0.0010000000474974513, 0.0020000000949949026, 0.004000000189989805, 0.0]
[0.0, 0.871999979019165, 0.0010000000474974513, 0.9399999976158142]
[0.0, 0.8600000143051147, 0.0, 0.0]
[0.0, 1.0, 1.0, 1.0]
[0.0, 1.0, 0.0, 0.0]
[0.07599999755620956, 0.0010000000474974513, 0.0, 0.0560000017285347]
[0.0, 0.0, 1.0, 0.0]
[1.0, 0.0, 0.0, 0.0]
[1.0, 0.0, 1.0, 0.0]
[0.0, 0.0, 1.0, 0.0]
[0.0020000000949949026, 0.003000000026077032, 0.9950000047683716, 0.004999999888241291]
[0.0, 0.0, 0.0, 0.0]
[0.0, 0.0, 0.0, 0.0]
[0.0, 0.0, 0.0, 0.0]
[0.0, 0.0, 1.0, 0.0010000000474974513]
[0.4869999885559082, 0.4359999895095825, 0.0, 0.12200000137090683]
[1.0, 0.0010000000474974513, 1.0, 0.0]
[0.05900000035762787, 0.15399999916553497, 0.032999999821186066, 0.8970000147819519]
[0.0, 1.0, 0.0010000000474974513, 1.0]
[0.0, 1.0, 0.0, 1.0]
[0.0, 1.0, 0.0, 0.0]
[0.0, 0.6779999732971191, 0.004000000189989805, 1.0]
[0.0, 1.0, 0.0, 1.0]
[0.0, 0.0, 1.0, 1.0]
[0.0, 1.0, 0.0, 1.0]
[0.15600000321865082, 0.03700000047683716, 0.12999999523162842, 0.0820000022649765]
[0.0, 0.0, 0.0, 0.0]
[0.0, 0.0, 0.0, 1.0]
[0.35899999737739563, 0.9990000128746033, 0.0, 1.0]
[0.0, 0.0, 0.0, 1.0]
[0.0, 0.0, 0.0, 0.0]
[0.9890000224113464, 0.0, 0.004999999888241291, 0.0]
[0.0, 0.0, 1.0, 1.0]
[1.0, 0.00800000037997961, 1.0, 0.9919999837875366]
[0.0, 1.0, 1.0, 1.0]
[0.0, 0.0, 1.0, 1.0]
[0.0, 1.0, 1.0, 1.0]
[0.0, 0.0, 1.0, 0.0]
[0.0, 1.0, 1.0, 0.0]
[0.0, 1.0, 1.0, 1.0]
[1.0, 1.0, 1.0, 1.0]
[1.0, 0.0, 0.0, 1.0]
[1.0, 1.0, 1.0, 0.0]
[1.0, 0.0010000000474974513, 1.0, 1.0]
[1.0, 0.0, 1.0, 0.0]
[0.0, 0.0, 1.0, 0.0]
[0.0, 0.0, 0.0, 0.0]
[0.0, 0.0, 0.0, 0.0]
[0.0, 0.0, 0.0010000000474974513, 0.0010000000474974513]
[0.0, 0.0, 0.0, 0.0]
[0.026000000536441803, 0.08100000023841858, 0.1379999965429306, 0.027000000700354576]
[0.1509999930858612, 0.03700000047683716, 0.1379999965429306, 0.08500000089406967]
[0.1509999930858612, 0.03700000047683716, 0.1379999965429306, 0.08500000089406967]
[0.1509999930858612, 0.03700000047683716, 0.1379999965429306, 0.08500000089406967]
[0.1509999930858612, 0.03700000047683716, 0.1379999965429306, 0.08500000089406967]
[0.1509999930858612, 0.03700000047683716, 0.1379999965429306, 0.08500000089406967]
[0.1509999930858612, 0.03700000047683716, 0.1379999965429306, 0.08500000089406967]
[0.7509999871253967, 0.7080000042915344, 0.039000000804662704, 0.9359999895095825]
[0.1509999930858612, 0.03700000047683716, 0.1379999965429306, 0.08500000089406967]
[0.1509999930858612, 0.03700000047683716, 0.1379999965429306, 0.08500000089406967]
[0.11100000143051147, 0.05400000140070915, 0.13600000739097595, 0.13699999451637268]
[0.0, 0.0, 0.9990000128746033, 0.0]
[0.0, 0.0, 0.9990000128746033, 0.0]
[1.0, 0.0010000000474974513, 0.9990000128746033, 1.0]
[0.0, 0.9990000128746033, 1.0, 1.0]
[0.020999999716877937, 0.0, 0.0, 0.05999999865889549]
[0.0, 0.7570000290870667, 0.032999999821186066, 0.0]
[1.0, 0.0, 1.0, 0.0]
[1.0, 1.0, 1.0, 0.0]
[0.9359999895095825, 0.057999998331069946, 0.0, 0.9850000143051147]
[1.0, 1.0, 0.0, 1.0]
[1.0, 1.0, 1.0, 1.0]
[1.0, 1.0, 1.0, 1.0]
[0.9980000257492065, 1.0, 0.9879999756813049, 1.0]
[1.0, 0.0, 0.0020000000949949026, 0.0]
[1.0, 1.0, 0.0, 1.0]
[1.0, 1.0, 1.0, 0.0]
[1.0, 1.0, 0.9990000128746033, 0.9950000047683716]
[0.7379999756813049, 0.9670000076293945, 1.0, 1.0]
[0.0, 1.0, 1.0, 1.0]
[0.0020000000949949026, 0.0010000000474974513, 1.0, 0.0010000000474974513]
[0.0, 0.0, 0.0, 0.0]
[0.0, 0.0, 0.0, 0.0]
[0.004000000189989805, 0.012000000104308128, 0.00800000037997961, 0.004000000189989805]
[0.0, 0.0, 0.0, 0.0]
[0.0, 0.0, 0.0, 0.0]
[0.1289999932050705, 0.039000000804662704, 0.14000000059604645, 0.07900000363588333]
[0.1509999930858612, 0.03700000047683716, 0.1379999965429306, 0.08500000089406967]
[0.0, 0.0, 0.9990000128746033, 0.0]
[0.0, 0.0, 0.0020000000949949026, 0.0]
[0.0, 0.003000000026077032, 0.0020000000949949026, 0.0]
[0.0, 0.0, 0.0, 0.0]
[1.0, 0.0, 0.0, 0.0]
[1.0, 0.0, 0.0, 0.0]
[0.1509999930858612, 0.03700000047683716, 0.1379999965429306, 0.08500000089406967]
[1.0, 1.0, 0.0, 1.0]
[0.9980000257492065, 0.014999999664723873, 1.0, 0.0]
[1.0, 0.0, 0.9990000128746033, 0.0020000000949949026]
[0.0, 0.0, 0.0, 0.0]
[0.0, 0.0, 0.0, 0.0]
[0.0, 1.0, 0.0, 1.0]
[1.0, 1.0, 1.0, 0.0]
[1.0, 0.0, 1.0, 1.0]
[1.0, 1.0, 1.0, 0.0]
[1.0, 1.0, 1.0, 1.0]
[0.0, 0.0, 1.0, 0.0]
[0.0, 0.0, 0.0, 0.0]
[0.1509999930858612, 0.03700000047683716, 0.1379999965429306, 0.08500000089406967]
[0.1509999930858612, 0.03700000047683716, 0.1379999965429306, 0.08500000089406967]
[0.1509999930858612, 0.03700000047683716, 0.1379999965429306, 0.08500000089406967]
[0.1509999930858612, 0.03700000047683716, 0.1379999965429306, 0.08500000089406967]
[0.0, 0.0, 1.0, 0.0]
[0.0, 0.9990000128746033, 0.0, 0.0]
[0.0, 0.0, 0.0, 0.0]
[0.07699999958276749, 0.017000000923871994, 0.09399999678134918, 0.020999999716877937]
[0.0, 0.9679999947547913, 0.0, 0.010999999940395355]
[0.1509999930858612, 0.03700000047683716, 0.1379999965429306, 0.08500000089406967]
[0.1509999930858612, 0.03700000047683716, 0.1379999965429306, 0.08500000089406967]
[0.0, 0.0, 0.0, 0.0]
[0.0, 0.0, 0.0, 0.0]
[0.003000000026077032, 0.0, 0.0, 0.0]
[0.0010000000474974513, 0.0010000000474974513, 0.9990000128746033, 0.0010000000474974513]
[0.0010000000474974513, 0.0010000000474974513, 0.0, 0.0]
[0.0, 0.0, 0.0, 0.0]
[0.0, 0.0, 0.0, 0.0020000000949949026]
[0.1509999930858612, 0.03700000047683716, 0.1379999965429306, 0.08500000089406967]
[0.1509999930858612, 0.03700000047683716, 0.1379999965429306, 0.08500000089406967]
[0.0, 0.0010000000474974513, 0.0, 0.0]
[0.0, 0.0, 0.012000000104308128, 0.0]
[0.1509999930858612, 0.03700000047683716, 0.1379999965429306, 0.08500000089406967]
[0.1509999930858612, 0.03700000047683716, 0.1379999965429306, 0.08500000089406967]
[0.14399999380111694, 0.035999998450279236, 0.14000000059604645, 0.08299999684095383]
[0.0, 1.0, 0.0, 0.7910000085830688]
[0.0, 0.0, 0.0, 0.0]
[1.0, 1.0, 0.0, 1.0]
[0.31200000643730164, 0.9980000257492065, 0.9919999837875366, 0.9980000257492065]
[1.0, 0.0, 1.0, 0.0]
[0.9810000061988831, 0.0, 0.9300000071525574, 0.0]
[0.11500000208616257, 0.04399999976158142, 0.1379999965429306, 0.0729999989271164]
[0.1509999930858612, 0.03700000047683716, 0.1379999965429306, 0.08500000089406967]
[0.0, 0.0, 0.0, 0.0]
[0.0, 0.0, 0.0010000000474974513, 0.0]
[0.0820000022649765, 0.050999999046325684, 0.12700000405311584, 0.061000000685453415]
[0.1509999930858612, 0.03700000047683716, 0.1379999965429306, 0.08500000089406967]
[0.0, 0.0, 0.0, 0.0]
[0.0, 0.0, 0.0, 0.0]
[1.0, 0.0, 0.0, 0.0]
[1.0, 1.0, 1.0, 1.0]
[1.0, 0.0, 1.0, 1.0]
[1.0, 1.0, 1.0, 1.0]
[0.5019999742507935, 0.9769999980926514, 1.0, 0.9990000128746033]
[1.0, 1.0, 1.0, 1.0]
[1.0, 1.0, 1.0, 1.0]
[0.34599998593330383, 0.009999999776482582, 1.0, 0.0010000000474974513]
[0.2290000021457672, 0.02199999988079071, 0.02199999988079071, 0.0729999989271164]
[0.0, 0.0, 0.0, 0.0]
[0.46000000834465027, 0.0, 0.012000000104308128, 0.010999999940395355]
[0.0, 0.0, 0.0, 0.0]
[0.1509999930858612, 0.03700000047683716, 0.1379999965429306, 0.08500000089406967]
[0.1509999930858612, 0.03700000047683716, 0.1379999965429306, 0.08500000089406967]
[0.1509999930858612, 0.03700000047683716, 0.1379999965429306, 0.08500000089406967]
[0.0, 0.0, 0.0, 0.0]
[1.0, 1.0, 1.0, 1.0]
[1.0, 0.0, 0.0, 0.0]
[1.0, 0.0, 1.0, 0.0]
[0.0, 0.0, 1.0, 0.0010000000474974513]
[0.0, 0.0, 0.0, 0.0]
[0.004999999888241291, 0.004999999888241291, 0.004000000189989805, 0.009999999776482582]
[0.0, 0.0, 0.0, 0.01899999938905239]
[1.0, 1.0, 0.0, 0.0]
[1.0, 0.0, 1.0, 0.0]
[0.0, 0.0, 0.0, 0.0]
[0.0020000000949949026, 0.0010000000474974513, 0.9990000128746033, 0.0010000000474974513]
[0.1509999930858612, 0.03700000047683716, 0.1379999965429306, 0.08500000089406967]
[1.0, 0.0, 0.0, 1.0]
[0.10499999672174454, 0.4320000112056732, 0.9990000128746033, 0.7260000109672546]
[1.0, 0.0, 1.0, 0.0]
[0.0, 0.0, 0.0, 0.0]
[1.0, 0.0, 0.0, 0.0]
[1.0, 0.0, 0.0, 0.0]
[0.0, 0.0, 0.0, 0.0]
[0.0, 0.0, 0.0, 0.0010000000474974513]
[0.0, 0.0, 0.0, 0.0]
[0.0, 0.0, 0.0, 0.0]
[0.0, 1.0, 0.0, 1.0]
[0.0, 0.0, 1.0, 1.0]
[0.0, 1.0, 1.0, 0.0]
[0.0, 0.0, 0.0, 0.0]
[0.1509999930858612, 0.03700000047683716, 0.1379999965429306, 0.08500000089406967]
[0.0, 0.0, 1.0, 0.0]
[0.0, 0.0, 0.0, 0.0]
[0.0, 1.0, 0.0, 1.0]
[0.0, 1.0, 1.0, 0.0]
[0.0, 0.0, 1.0, 0.0]
[0.007000000216066837, 0.010999999940395355, 0.00800000037997961, 0.014000000432133675]
[0.0, 0.0, 0.0, 0.0]
[0.0, 0.9990000128746033, 0.0, 0.0]
[0.0, 0.0, 0.0, 0.0]
[1.0, 1.0, 0.0, 0.0]
[0.9959999918937683, 0.0, 0.9950000047683716, 0.0010000000474974513]
[0.9990000128746033, 0.0, 0.0, 0.0]
[0.0, 0.0, 0.06700000166893005, 0.0]
[0.0, 0.0, 0.0, 0.0]
[0.0010000000474974513, 0.0, 0.0, 0.0]
[0.0, 0.0, 0.0, 0.0]
[0.0, 0.0, 0.0, 0.0]
[0.0, 0.0, 0.0, 0.0]
[1.0, 0.0, 0.0, 0.0]
[1.0, 0.0, 0.0, 0.0]
[0.0, 0.0, 0.0, 0.0]
[0.0, 0.0, 0.0, 1.0]
[0.0, 0.03799999877810478, 0.0010000000474974513, 0.13699999451637268]
[1.0, 1.0, 0.0, 1.0]
[1.0, 1.0, 1.0, 1.0]
[1.0, 1.0, 0.9990000128746033, 1.0]
[1.0, 0.0, 0.0, 0.0]
[1.0, 0.0, 1.0, 1.0]
[0.9660000205039978, 0.7649999856948853, 0.9980000257492065, 0.9440000057220459]
[1.0, 1.0, 1.0, 1.0]
[1.0, 1.0, 1.0, 1.0]
[1.0, 0.0, 1.0, 0.0]
[0.0, 0.0, 0.0, 0.0]
[1.0, 0.0, 0.0, 0.0]
[1.0, 0.0, 0.0, 0.0]
[0.0, 0.0, 0.0, 0.0]
[0.1509999930858612, 0.03700000047683716, 0.1379999965429306, 0.08500000089406967]
[0.1509999930858612, 0.03700000047683716, 0.1379999965429306, 0.08500000089406967]
[0.1509999930858612, 0.03700000047683716, 0.1379999965429306, 0.08500000089406967]
[0.1509999930858612, 0.03700000047683716, 0.1379999965429306, 0.08500000089406967]
[0.15000000596046448, 0.039000000804662704, 0.13899999856948853, 0.09000000357627869]
[0.1509999930858612, 0.03700000047683716, 0.1379999965429306, 0.08500000089406967]
[0.1340000033378601, 0.03999999910593033, 0.13899999856948853, 0.07999999821186066]
[0.0, 0.0, 0.032999999821186066, 0.0]
[0.01600000075995922, 0.0, 0.7070000171661377, 0.013000000268220901]
[1.0, 1.0, 1.0, 1.0]
[1.0, 1.0, 1.0, 1.0]
[1.0, 1.0, 1.0, 1.0]
[1.0, 1.0, 1.0, 1.0]
[1.0, 1.0, 1.0, 1.0]
[0.9980000257492065, 1.0, 1.0, 1.0]
[0.9739999771118164, 1.0, 0.9990000128746033, 1.0]
[0.9980000257492065, 1.0, 1.0, 1.0]
[1.0, 1.0, 1.0, 0.9980000257492065]
[1.0, 1.0, 1.0, 1.0]
[1.0, 1.0, 1.0, 1.0]
[1.0, 1.0, 1.0, 1.0]
[1.0, 1.0, 1.0, 1.0]
[1.0, 1.0, 1.0, 1.0]
[0.0, 1.0, 1.0, 0.0010000000474974513]
[0.0, 0.0, 0.0, 0.0]
[0.0010000000474974513, 0.0010000000474974513, 0.0, 1.0]
[0.0, 0.0, 1.0, 1.0]
[0.0, 1.0, 0.0, 1.0]
[0.0, 1.0, 0.006000000052154064, 0.0]
[0.49900001287460327, 0.9940000176429749, 0.07000000029802322, 0.010999999940395355]
[0.02800000086426735, 0.0, 0.0, 0.0]
[1.0, 0.0, 0.0, 0.0]
[1.0, 0.0, 0.0, 0.0]
[0.0, 1.0, 0.0, 0.0]
[0.0, 0.0, 0.0, 0.0]
[0.0, 0.0, 0.0, 1.0]
[1.0, 0.0, 0.0, 0.0]
[1.0, 0.0, 0.0, 0.0]
[1.0, 0.0, 0.0, 0.0]
[0.0010000000474974513, 0.014999999664723873, 0.003000000026077032, 0.004999999888241291]
[0.0, 0.0, 0.0, 0.0]
[0.0010000000474974513, 0.008999999612569809, 0.0, 0.0]
[0.1509999930858612, 0.03700000047683716, 0.1379999965429306, 0.08500000089406967]
[0.1509999930858612, 0.03700000047683716, 0.1379999965429306, 0.08500000089406967]
[0.0, 0.010999999940395355, 0.0, 0.9580000042915344]
[0.0, 1.0, 0.0, 1.0]
[0.0, 1.0, 1.0, 1.0]
[0.009999999776482582, 0.009999999776482582, 0.007000000216066837, 0.007000000216066837]
[0.0, 0.0, 0.0, 0.0]
[0.0, 0.004000000189989805, 0.0, 1.0]
[1.0, 1.0, 1.0, 1.0]
[1.0, 1.0, 0.0, 1.0]
[1.0, 1.0, 1.0, 0.0010000000474974513]
[0.9990000128746033, 0.0, 0.9990000128746033, 0.0]
[0.2750000059604645, 0.0, 0.9539999961853027, 0.0]
[0.1509999930858612, 0.03700000047683716, 0.1379999965429306, 0.08500000089406967]
[0.1509999930858612, 0.03700000047683716, 0.1379999965429306, 0.08500000089406967]
[0.0, 0.0, 0.0, 0.0]
[0.0, 0.0, 1.0, 0.0]
[0.008999999612569809, 0.0, 0.0, 0.01600000075995922]
[0.0, 0.7839999794960022, 0.0, 0.27799999713897705]
[1.0, 0.0, 0.0, 0.0]
[1.0, 1.0, 0.0, 0.0]
[1.0, 0.0, 0.0, 0.0]
[0.0, 1.0, 0.0, 0.0]
[1.0, 0.0, 0.0, 0.0]
[1.0, 0.0, 1.0, 0.0]
[1.0, 0.0, 0.0, 0.0]
[0.0, 1.0, 1.0, 1.0]
[0.0, 1.0, 0.0, 1.0]
[0.0, 0.0, 0.0, 0.0]
[0.0, 0.0020000000949949026, 0.0, 0.0]
[0.0, 0.0, 0.0, 0.0]
[0.14399999380111694, 0.039000000804662704, 0.1340000033378601, 0.07999999821186066]
[0.0010000000474974513, 0.0020000000949949026, 0.0010000000474974513, 0.0]
[0.0010000000474974513, 0.0010000000474974513, 0.0020000000949949026, 0.0010000000474974513]
[0.1509999930858612, 0.03700000047683716, 0.1379999965429306, 0.08500000089406967]
[0.1509999930858612, 0.03700000047683716, 0.1379999965429306, 0.08500000089406967]
[0.0010000000474974513, 0.0010000000474974513, 0.0010000000474974513, 0.41499999165534973]
[0.0, 1.0, 0.0, 1.0]
[0.0, 1.0, 0.0, 0.9990000128746033]
[0.0, 0.0, 1.0, 0.0]
[0.0, 0.0010000000474974513, 0.0, 0.0]
[0.1509999930858612, 0.03700000047683716, 0.1379999965429306, 0.08500000089406967]
[0.0, 0.0, 0.0, 0.0]
[0.0010000000474974513, 0.0, 0.0, 0.0]
[0.0, 0.0, 0.0, 0.0]
[1.0, 1.0, 1.0, 0.0]
[1.0, 0.0, 0.0, 0.0]
[0.039000000804662704, 0.012000000104308128, 0.03700000047683716, 0.03099999949336052]
[0.0, 0.0010000000474974513, 0.0, 0.3659999966621399]
[1.0, 1.0, 1.0, 0.0]
[0.10700000077486038, 1.0, 0.9919999837875366, 1.0]
[1.0, 1.0, 1.0, 1.0]
[1.0, 1.0, 1.0, 1.0]
[0.0, 1.0, 1.0, 1.0]
[0.0, 0.004000000189989805, 0.0, 0.004999999888241291]
[0.0, 0.0, 1.0, 0.0]
[0.15299999713897705, 0.03700000047683716, 0.14000000059604645, 0.08500000089406967]
[0.004000000189989805, 0.0010000000474974513, 0.0, 0.0010000000474974513]
[0.210999995470047, 0.012000000104308128, 0.9950000047683716, 0.0]
[0.0, 0.0, 0.0, 0.0010000000474974513]
[0.1509999930858612, 0.03700000047683716, 0.1379999965429306, 0.08500000089406967]
[0.1509999930858612, 0.03700000047683716, 0.1379999965429306, 0.08500000089406967]
[0.0, 0.0, 0.0, 0.0]
[0.0, 1.0, 0.0, 1.0]
[0.0, 0.9990000128746033, 0.0, 1.0]
[0.1509999930858612, 0.03700000047683716, 0.1379999965429306, 0.08500000089406967]
[0.1509999930858612, 0.03700000047683716, 0.1379999965429306, 0.08500000089406967]
[0.1509999930858612, 0.03799999877810478, 0.1379999965429306, 0.08399999886751175]
[0.0, 0.9959999918937683, 0.9990000128746033, 0.003000000026077032]
[0.1509999930858612, 0.03799999877810478, 0.1379999965429306, 0.08399999886751175]
[0.0, 1.0, 0.0, 1.0]
[1.0, 1.0, 1.0, 0.9990000128746033]
[1.0, 0.0, 0.0, 0.0]
[0.1509999930858612, 0.03700000047683716, 0.1379999965429306, 0.08500000089406967]
[0.0, 0.004000000189989805, 0.003000000026077032, 0.0]
[0.0, 0.9990000128746033, 1.0, 1.0]
[0.0, 0.0, 0.0, 0.0]
[0.0, 0.0, 0.0, 1.0]
[0.0, 0.0, 1.0, 1.0]
[0.0, 0.0, 0.0, 0.0]
[0.0, 1.0, 0.0, 0.0010000000474974513]
[0.0, 1.0, 1.0, 1.0]
[0.0, 1.0, 1.0, 1.0]
[0.0, 1.0, 1.0, 1.0]
[0.0, 0.0, 1.0, 0.0]
[0.0, 1.0, 1.0, 0.0]
[1.0, 1.0, 0.0, 1.0]
[0.1770000010728836, 0.003000000026077032, 1.0, 0.0]
[1.0, 0.0, 0.0, 1.0]
[0.9879999756813049, 0.004000000189989805, 0.9990000128746033, 0.007000000216066837]
[1.0, 1.0, 0.0, 1.0]
[0.7670000195503235, 1.0, 1.0, 1.0]
[1.0, 1.0, 0.9779999852180481, 0.9990000128746033]
[1.0, 1.0, 1.0, 0.753000020980835]
[1.0, 1.0, 1.0, 0.0]
[0.0, 0.0, 0.0, 1.0]
[0.9990000128746033, 0.0, 0.0, 0.0]
[1.0, 0.0010000000474974513, 0.0, 1.0]
[1.0, 0.0, 0.0, 1.0]
[0.0, 1.0, 0.0, 1.0]
[1.0, 0.0, 0.0, 0.0]
[0.0, 0.9700000286102295, 0.0010000000474974513, 0.003000000026077032]
[0.1509999930858612, 0.03700000047683716, 0.1379999965429306, 0.08500000089406967]
[0.0, 0.0, 0.0, 0.0]
[1.0, 0.0, 1.0, 1.0]
[0.1509999930858612, 0.03700000047683716, 0.1379999965429306, 0.08500000089406967]
[0.0, 0.0, 0.0, 0.0]
[0.1509999930858612, 0.03700000047683716, 0.1379999965429306, 0.08500000089406967]
[0.0010000000474974513, 0.012000000104308128, 0.0, 0.0020000000949949026]
[0.1420000046491623, 0.039000000804662704, 0.1340000033378601, 0.07800000160932541]
[0.996999979019165, 0.0010000000474974513, 0.9940000176429749, 0.0]
[0.9990000128746033, 0.0, 1.0, 0.0]
[0.13699999451637268, 0.0, 0.0560000017285347, 0.17299999296665192]
[0.0, 0.0, 1.0, 0.0]
[0.0010000000474974513, 0.0010000000474974513, 0.9980000257492065, 0.0]
[0.0, 0.0, 0.0, 0.0]
[0.0, 0.0, 0.0, 0.0]
[0.0, 0.0, 0.0, 0.0]
[0.0, 0.0, 0.0, 0.0]
[0.0, 0.0, 0.0, 0.0]
[0.0, 1.0, 1.0, 0.0]
[1.0, 1.0, 1.0, 1.0]
[1.0, 1.0, 1.0, 1.0]
[0.9890000224113464, 0.010999999940395355, 0.09099999815225601, 0.4230000078678131]
[0.9129999876022339, 0.0010000000474974513, 0.9890000224113464, 0.1379999965429306]
[0.0, 0.0, 0.0, 1.0]
[0.0, 0.0, 0.0, 0.0]
[0.004999999888241291, 0.0010000000474974513, 0.9950000047683716, 0.0]
[0.0010000000474974513, 0.004999999888241291, 0.0010000000474974513, 0.0020000000949949026]
[0.1509999930858612, 0.03700000047683716, 0.1379999965429306, 0.08500000089406967]
[1.0, 1.0, 1.0, 1.0]
[1.0, 1.0, 1.0, 1.0]
[1.0, 1.0, 1.0, 1.0]
[0.0, 1.0, 1.0, 0.0]
[0.0, 0.0, 0.0, 0.0]
[0.057999998331069946, 0.061000000685453415, 0.12300000339746475, 0.050999999046325684]
[0.1509999930858612, 0.03700000047683716, 0.1379999965429306, 0.08500000089406967]
[0.1509999930858612, 0.03700000047683716, 0.1379999965429306, 0.08500000089406967]
[0.0, 0.003000000026077032, 0.0, 0.996999979019165]
[0.0, 0.9990000128746033, 0.0, 1.0]
[0.0, 1.0, 0.0, 0.0]
[0.1509999930858612, 0.03700000047683716, 0.1379999965429306, 0.08500000089406967]
[0.1509999930858612, 0.03700000047683716, 0.1379999965429306, 0.08500000089406967]
[0.004000000189989805, 0.0, 0.9990000128746033, 0.0]
[1.0, 1.0, 1.0, 1.0]
[1.0, 1.0, 1.0, 1.0]
[1.0, 1.0, 0.0, 1.0]
[1.0, 1.0, 1.0, 1.0]
[1.0, 1.0, 1.0, 1.0]
[1.0, 1.0, 1.0, 1.0]
[0.1469999998807907, 0.03799999877810478, 0.13899999856948853, 0.0860000029206276]
[0.0, 1.0, 0.0, 1.0]
[0.3889999985694885, 0.0, 0.4300000071525574, 0.0]
[0.1509999930858612, 0.03700000047683716, 0.1379999965429306, 0.08500000089406967]
[0.0, 0.0, 0.0, 0.0]
[0.1509999930858612, 0.03700000047683716, 0.1379999965429306, 0.08500000089406967]
[1.0, 1.0, 1.0, 1.0]
[1.0, 0.0, 1.0, 1.0]
[0.1509999930858612, 0.03700000047683716, 0.1379999965429306, 0.08500000089406967]
[0.0, 0.0, 0.0, 0.0]
[0.0, 0.0, 0.0, 1.0]
[0.1509999930858612, 0.03700000047683716, 0.1379999965429306, 0.08500000089406967]
[0.1509999930858612, 0.03700000047683716, 0.1379999965429306, 0.08500000089406967]
[0.0, 0.0, 0.0, 0.0]
[1.0, 1.0, 1.0, 0.0]
[1.0, 0.0, 1.0, 0.0]
[0.9990000128746033, 0.0010000000474974513, 0.0, 0.0]
[0.1509999930858612, 0.03700000047683716, 0.1379999965429306, 0.08500000089406967]
[0.004000000189989805, 0.0020000000949949026, 0.0020000000949949026, 0.009999999776482582]
[1.0, 0.0, 1.0, 0.0]
[0.0, 0.0, 0.0, 0.0]
[1.0, 0.0, 1.0, 0.0010000000474974513]
[1.0, 0.0, 0.0, 0.0]
[0.0, 0.0020000000949949026, 0.9990000128746033, 0.0]
[0.0, 0.9919999837875366, 0.0020000000949949026, 0.004000000189989805]
[1.0, 1.0, 1.0, 1.0]
[0.9980000257492065, 1.0, 1.0, 1.0]
[1.0, 1.0, 1.0, 0.0]
[0.0, 0.0, 0.0, 0.0010000000474974513]
[0.1509999930858612, 0.03700000047683716, 0.1379999965429306, 0.08500000089406967]
[0.0, 0.0, 0.9909999966621399, 0.0]
[0.1509999930858612, 0.03700000047683716, 0.1379999965429306, 0.08500000089406967]
[1.0, 1.0, 1.0, 0.0]
[1.0, 0.0, 1.0, 1.0]
[1.0, 1.0, 1.0, 1.0]
[1.0, 1.0, 0.9980000257492065, 1.0]
[0.014000000432133675, 1.0, 1.0, 0.0560000017285347]
[0.0, 1.0, 0.0, 0.0]
[0.0, 0.0, 0.0010000000474974513, 0.003000000026077032]
[0.07900000363588333, 0.014000000432133675, 0.16300000250339508, 0.020999999716877937]
[0.1509999930858612, 0.03700000047683716, 0.1379999965429306, 0.08500000089406967]
[0.0729999989271164, 0.03099999949336052, 0.039000000804662704, 0.09300000220537186]
[0.019999999552965164, 0.004999999888241291, 0.004000000189989805, 0.009999999776482582]
[0.02199999988079071, 0.009999999776482582, 0.00800000037997961, 0.004000000189989805]
[0.0, 0.0, 0.0, 0.0]
[0.0, 1.0, 1.0, 0.0]
[0.0, 0.0, 1.0, 0.0]
[0.0, 0.0, 0.0, 0.0]
[0.04100000113248825, 0.007000000216066837, 0.054999999701976776, 0.010999999940395355]
[0.1509999930858612, 0.03700000047683716, 0.1379999965429306, 0.08500000089406967]
[0.1509999930858612, 0.03700000047683716, 0.1379999965429306, 0.08500000089406967]
[0.008999999612569809, 0.04699999839067459, 0.017000000923871994, 0.6669999957084656]
[0.0, 0.0, 0.0, 0.0]
[0.0, 0.0, 0.0, 0.0]
[0.0, 0.0, 1.0, 0.0]
[0.0, 1.0, 0.0, 0.0]
[0.0010000000474974513, 0.9980000257492065, 0.878000020980835, 0.003000000026077032]
[0.0, 1.0, 1.0, 1.0]
[0.1509999930858612, 0.03700000047683716, 0.1379999965429306, 0.08500000089406967]
[0.0, 0.0, 1.0, 0.0]
[0.0, 0.0, 0.0, 0.0]
[0.0, 0.04100000113248825, 0.0020000000949949026, 0.0]
[0.0, 0.0010000000474974513, 0.0, 0.0010000000474974513]
[1.0, 1.0, 1.0, 1.0]
[1.0, 1.0, 1.0, 1.0]
[0.6679999828338623, 1.0, 0.9990000128746033, 1.0]
[1.0, 1.0, 1.0, 0.0]
[1.0, 1.0, 1.0, 1.0]
[0.0010000000474974513, 0.25, 1.0, 0.0]
[0.0, 0.0, 0.0, 0.0]
[0.0, 0.0, 0.0020000000949949026, 0.0]
[0.1509999930858612, 0.03700000047683716, 0.1379999965429306, 0.08500000089406967]
[0.0, 0.007000000216066837, 0.0, 0.0]
[0.0, 0.0, 0.0, 0.0]
[0.0, 0.0, 0.0, 0.0]
[0.0, 1.0, 0.0, 0.9959999918937683]
[1.0, 0.0, 1.0, 0.0]
[0.0, 0.0, 1.0, 0.0]
[0.0, 1.0, 0.0, 1.0]
[0.0, 0.9869999885559082, 1.0, 0.9980000257492065]
[1.0, 0.0, 0.0, 0.0]
[0.0, 0.0, 0.0, 0.0]
[0.0020000000949949026, 0.0, 0.0, 0.0]
[0.1509999930858612, 0.03700000047683716, 0.1379999965429306, 0.08500000089406967]
[0.0, 0.0, 0.0, 0.0]
[0.014000000432133675, 1.0, 0.0, 0.46000000834465027]
[0.0, 1.0, 0.0, 1.0]
[0.0, 1.0, 1.0, 0.0]
[0.9990000128746033, 0.0, 1.0, 1.0]
[0.9980000257492065, 0.0, 0.8220000267028809, 0.9309999942779541]
[1.0, 1.0, 1.0, 0.9990000128746033]
[0.4869999885559082, 0.8820000290870667, 1.0, 0.1599999964237213]
[0.017999999225139618, 1.0, 1.0, 0.5559999942779541]
[0.36399999260902405, 1.0, 0.9990000128746033, 0.9729999899864197]
[0.0, 0.0, 1.0, 1.0]
[0.0020000000949949026, 0.0, 0.9990000128746033, 0.0]
[0.0, 0.0, 0.0, 0.0]
[0.0, 0.0, 0.0, 0.0]
[0.0020000000949949026, 0.0010000000474974513, 0.014000000432133675, 0.009999999776482582]
[0.0, 0.0, 0.0, 1.0]
[0.0, 1.0, 0.0, 1.0]
[0.0, 0.0, 1.0, 0.0]
[0.0, 0.0, 0.0, 0.0]
[0.0, 0.9860000014305115, 0.0010000000474974513, 0.0010000000474974513]
[0.1509999930858612, 0.03700000047683716, 0.1379999965429306, 0.08500000089406967]
[0.0, 0.0, 0.0, 0.0010000000474974513]
[0.11299999803304672, 0.07999999821186066, 0.11400000005960464, 0.2160000056028366]
[0.0, 0.0010000000474974513, 0.0, 0.9980000257492065]
[1.0, 0.0, 0.0, 1.0]
[1.0, 1.0, 0.0, 0.0]
[0.0, 0.0, 0.0, 0.0]
[0.0, 0.0, 0.0, 0.0]
[0.9829999804496765, 0.0, 0.007000000216066837, 0.0]
[0.0, 0.0, 0.0, 0.0]
[0.0, 0.0, 0.0, 0.0]
[0.0, 0.0, 0.0, 0.0]
[1.0, 0.0, 0.0, 0.0]
[0.0, 0.0, 1.0, 0.0]
[0.6949999928474426, 0.0, 0.8849999904632568, 0.0]
[1.0, 0.0, 0.0, 0.0]
[0.1509999930858612, 0.03700000047683716, 0.1379999965429306, 0.08500000089406967]
[0.1509999930858612, 0.03700000047683716, 0.1379999965429306, 0.08500000089406967]
[0.0, 0.0, 0.0, 0.0]
[0.0, 1.0, 0.0, 1.0]
[0.5490000247955322, 1.0, 0.8059999942779541, 1.0]
[0.0, 1.0, 1.0, 1.0]
[0.0010000000474974513, 0.9990000128746033, 1.0, 1.0]
[0.0, 0.0, 1.0, 0.0]
[0.0, 0.0, 0.0, 0.0]
[0.0010000000474974513, 0.0020000000949949026, 0.9879999756813049, 0.0]
[0.1509999930858612, 0.03700000047683716, 0.1379999965429306, 0.08500000089406967]
[0.0, 0.0, 0.0, 0.0]
[1.0, 1.0, 1.0, 1.0]
[1.0, 1.0, 1.0, 1.0]
[1.0, 1.0, 1.0, 1.0]
[1.0, 1.0, 1.0, 1.0]
[1.0, 1.0, 1.0, 1.0]
[1.0, 1.0, 1.0, 1.0]
[0.0, 1.0, 1.0, 1.0]
[1.0, 0.9919999837875366, 0.9980000257492065, 1.0]
[1.0, 1.0, 1.0, 1.0]
[0.017000000923871994, 0.004000000189989805, 0.020999999716877937, 0.0020000000949949026]
[0.9959999918937683, 0.0, 0.008999999612569809, 0.0]
[0.0, 1.0, 0.0, 1.0]
[1.0, 1.0, 1.0, 1.0]
[1.0, 1.0, 1.0, 0.0]
[1.0, 0.0, 1.0, 1.0]
[1.0, 1.0, 1.0, 1.0]
[1.0, 1.0, 1.0, 1.0]
[1.0, 1.0, 1.0, 1.0]
[1.0, 1.0, 0.9900000095367432, 1.0]
[1.0, 1.0, 1.0, 1.0]
[0.781000018119812, 1.0, 1.0, 1.0]
[1.0, 1.0, 1.0, 1.0]
[1.0, 1.0, 1.0, 0.9990000128746033]
[1.0, 1.0, 1.0, 1.0]
[1.0, 1.0, 1.0, 1.0]
[1.0, 1.0, 1.0, 1.0]
[1.0, 1.0, 1.0, 1.0]
[1.0, 1.0, 1.0, 1.0]
[1.0, 1.0, 1.0, 1.0]
[1.0, 1.0, 1.0, 0.9990000128746033]
[1.0, 1.0, 1.0, 1.0]
[0.7950000166893005, 0.3700000047683716, 0.9829999804496765, 0.47200000286102295]
[0.0, 0.0, 1.0, 0.0]
[0.0010000000474974513, 0.004000000189989805, 0.008999999612569809, 0.0]
[0.0, 0.0, 0.0, 0.0]
[0.0, 1.0, 0.0, 1.0]
[0.0430000014603138, 0.0010000000474974513, 0.9909999966621399, 0.0010000000474974513]
[0.0, 0.0, 0.0, 0.0]
[0.0, 1.0, 0.0, 1.0]
[0.0, 1.0, 0.0, 1.0]
[0.0, 0.0, 0.0, 0.0]
[0.0, 0.0, 0.0, 0.0]
[0.0, 0.7540000081062317, 0.0, 0.0]
[0.1509999930858612, 0.03700000047683716, 0.1379999965429306, 0.08500000089406967]
[0.1509999930858612, 0.03700000047683716, 0.1379999965429306, 0.08500000089406967]
[0.010999999940395355, 0.023000000044703484, 0.0, 0.0]
[0.008999999612569809, 0.0, 0.029999999329447746, 0.0]
[0.004999999888241291, 0.0, 0.014999999664723873, 0.2370000034570694]
[0.0, 1.0, 0.0, 1.0]
[0.0, 0.0, 0.9990000128746033, 0.0]
[0.0020000000949949026, 0.0, 0.0, 0.0]
[0.0, 0.0, 0.013000000268220901, 0.0]
[0.0, 1.0, 0.0, 0.0]
[0.0, 1.0, 0.0, 1.0]
[0.0, 1.0, 0.0, 1.0]
[0.0, 1.0, 1.0, 1.0]
[0.0, 1.0, 1.0, 1.0]
[0.0, 0.0, 0.004999999888241291, 0.10899999737739563]
[0.0, 1.0, 0.0, 1.0]
[0.0, 0.0, 0.0, 0.0]
[0.1509999930858612, 0.03700000047683716, 0.1379999965429306, 0.08500000089406967]
[0.1509999930858612, 0.03700000047683716, 0.1379999965429306, 0.08500000089406967]
[0.0, 1.0, 0.0, 0.0]
[0.1509999930858612, 0.03700000047683716, 0.1379999965429306, 0.08500000089406967]
[0.0, 0.0, 1.0, 1.0]
[0.0, 0.0, 1.0, 0.0]
[0.0, 0.0, 0.0, 0.0]
[0.1509999930858612, 0.03700000047683716, 0.1379999965429306, 0.08500000089406967]
[0.006000000052154064, 0.0, 0.0, 0.004000000189989805]
[0.0, 1.0, 0.0, 1.0]
[0.0, 1.0, 0.0, 1.0]
[0.0, 0.0, 1.0, 1.0]
[1.0, 1.0, 1.0, 1.0]
[1.0, 1.0, 1.0, 1.0]
[0.0, 0.0, 0.0, 0.0]
[0.1509999930858612, 0.03700000047683716, 0.1379999965429306, 0.08500000089406967]
[0.0, 0.0, 1.0, 0.0]
[0.0, 0.0, 1.0, 0.0]
[0.0, 1.0, 0.010999999940395355, 1.0]
[0.0, 0.0, 0.9990000128746033, 1.0]
[0.0, 0.0, 1.0, 1.0]
[0.008999999612569809, 0.0, 0.9829999804496765, 0.0]
[0.1509999930858612, 0.03700000047683716, 0.1379999965429306, 0.08500000089406967]
[0.1509999930858612, 0.03700000047683716, 0.1379999965429306, 0.08500000089406967]
[0.0, 0.0, 0.0, 0.0]
[1.0, 1.0, 0.0, 0.0]
[1.0, 1.0, 1.0, 0.0]
[0.019999999552965164, 0.0, 0.9990000128746033, 0.0]
[0.0, 1.0, 1.0, 1.0]
[1.0, 1.0, 1.0, 0.0]
[0.0, 0.0, 0.0, 0.0]
[0.0010000000474974513, 0.006000000052154064, 0.9950000047683716, 0.003000000026077032]
[0.1509999930858612, 0.03700000047683716, 0.1379999965429306, 0.08500000089406967]
[1.0, 0.0, 1.0, 0.0]
[0.0, 0.0, 0.0, 0.0]
[0.0, 1.0, 1.0, 1.0]
[0.9909999966621399, 1.0, 0.9010000228881836, 1.0]
[1.0, 0.0, 1.0, 0.0]
[0.0010000000474974513, 0.9860000014305115, 0.0, 0.9990000128746033]
[0.0, 0.0, 0.0, 0.0]
[0.1509999930858612, 0.03700000047683716, 0.1379999965429306, 0.08500000089406967]
[0.1509999930858612, 0.03700000047683716, 0.1379999965429306, 0.08500000089406967]
[0.0, 0.0, 0.0, 0.0]
[1.0, 1.0, 0.0, 1.0]
[1.0, 0.0010000000474974513, 0.0, 0.9990000128746033]
[1.0, 0.0, 0.0, 1.0]
[1.0, 1.0, 1.0, 1.0]
[1.0, 1.0, 1.0, 1.0]
[1.0, 1.0, 1.0, 1.0]
[1.0, 1.0, 1.0, 0.0]
[1.0, 1.0, 1.0, 0.0]
[0.0, 1.0, 1.0, 1.0]
[0.0, 1.0, 0.9940000176429749, 0.6349999904632568]
[0.0, 0.0, 0.0, 0.0]
[0.0, 0.0, 0.0, 0.0]
[0.04899999871850014, 0.041999999433755875, 0.0, 0.0020000000949949026]
[0.0010000000474974513, 0.9980000257492065, 0.39100000262260437, 1.0]
[0.19900000095367432, 1.0, 0.08299999684095383, 1.0]
[0.0, 1.0, 0.0, 1.0]
[0.0, 1.0, 1.0, 1.0]
[1.0, 0.0, 0.9729999899864197, 0.9509999752044678]
[0.0, 1.0, 1.0, 0.0]
[0.003000000026077032, 0.0, 0.0010000000474974513, 0.0020000000949949026]
[0.03799999877810478, 0.0020000000949949026, 0.017000000923871994, 0.0]
[0.013000000268220901, 0.0020000000949949026, 0.006000000052154064, 0.004000000189989805]
[0.0020000000949949026, 0.004000000189989805, 0.010999999940395355, 0.0020000000949949026]
[0.13500000536441803, 0.03999999910593033, 0.1379999965429306, 0.07999999821186066]
[0.0, 0.0, 1.0, 0.0]
[1.0, 0.0, 0.8740000128746033, 0.0]
[0.0, 1.0, 1.0, 0.0]
[1.0, 1.0, 1.0, 1.0]
[0.9990000128746033, 0.9909999966621399, 0.9980000257492065, 0.9129999876022339]
[0.9990000128746033, 1.0, 1.0, 1.0]
[1.0, 0.0, 1.0, 1.0]
[1.0, 1.0, 1.0, 1.0]
[1.0, 1.0, 1.0, 1.0]
[1.0, 1.0, 1.0, 0.0]
[0.0, 0.0, 1.0, 0.0]
[0.0430000014603138, 0.03799999877810478, 0.11699999868869781, 0.03500000014901161]
[0.010999999940395355, 0.6320000290870667, 1.0, 0.781000018119812]
[0.0, 0.0, 1.0, 0.0]
[0.0, 0.004000000189989805, 0.0, 0.0]
[0.1509999930858612, 0.03700000047683716, 0.1379999965429306, 0.08500000089406967]
[0.0, 0.0010000000474974513, 0.0, 0.0]
[0.0, 0.0, 0.0, 0.0]
[0.0, 1.0, 0.0010000000474974513, 1.0]
[1.0, 0.0, 1.0, 0.0]
[0.0, 0.0, 0.0, 0.0010000000474974513]
[0.0, 1.0, 1.0, 1.0]
[0.0, 1.0, 1.0, 1.0]
[0.0, 0.0, 1.0, 0.0]
[1.0, 0.0, 0.46799999475479126, 0.0]
[0.1509999930858612, 0.03700000047683716, 0.1379999965429306, 0.08500000089406967]
[0.1509999930858612, 0.03700000047683716, 0.1379999965429306, 0.08500000089406967]
[0.1509999930858612, 0.03700000047683716, 0.1379999965429306, 0.08500000089406967]
[0.0, 0.0, 0.0, 0.0]
[1.0, 0.0, 1.0, 0.0]
[0.003000000026077032, 0.003000000026077032, 0.010999999940395355, 0.013000000268220901]
[0.0, 1.0, 0.0, 1.0]
[0.0, 0.0, 1.0, 1.0]
[0.0, 1.0, 0.0, 1.0]
[0.0, 1.0, 1.0, 1.0]
[0.1509999930858612, 0.03700000047683716, 0.1379999965429306, 0.08500000089406967]
[0.0010000000474974513, 0.9959999918937683, 0.0020000000949949026, 0.004000000189989805]
[0.0, 1.0, 0.0, 0.0]
[0.0, 0.0, 0.003000000026077032, 0.0]
[0.0, 0.0, 0.0, 0.0]
[0.0, 0.0, 0.0, 0.0]
[1.0, 1.0, 1.0, 0.0]
[1.0, 0.0, 0.0, 0.0]
[0.0, 0.0, 0.0, 0.0]
[1.0, 0.0, 0.0, 0.0]
[1.0, 0.0, 0.0, 0.0]
[0.9829999804496765, 0.04600000008940697, 0.9819999933242798, 0.019999999552965164]
[0.7990000247955322, 0.0, 1.0, 0.0]
[0.008999999612569809, 0.0, 0.00800000037997961, 0.0]
[0.0, 1.0, 0.0, 1.0]
[0.0, 0.0, 0.0, 0.0]
[0.0, 0.0, 0.0, 0.0]
[0.2280000001192093, 0.05900000035762787, 0.20399999618530273, 0.9440000057220459]
[0.0, 0.0, 0.0, 1.0]
[0.0, 0.0, 0.0, 1.0]
[0.9959999918937683, 1.0, 0.9980000257492065, 0.9929999709129333]
[0.9990000128746033, 1.0, 1.0, 0.04899999871850014]
[1.0, 1.0, 1.0, 1.0]
[1.0, 1.0, 1.0, 1.0]
[1.0, 1.0, 1.0, 1.0]
[1.0, 0.0, 1.0, 0.0]
[0.0, 0.9990000128746033, 1.0, 1.0]
[0.01600000075995922, 0.0, 1.0, 0.057999998331069946]
[0.0, 1.0, 0.0, 0.0]
[0.9739999771118164, 0.0, 0.0, 0.0]
[0.0, 1.0, 1.0, 1.0]
[1.0, 0.46399998664855957, 0.6729999780654907, 0.03799999877810478]
[0.0, 0.0, 0.0, 1.0]
[0.0, 0.0, 0.0, 0.0]
[0.0, 1.0, 0.0, 1.0]
[0.004000000189989805, 1.0, 1.0, 1.0]
[0.1509999930858612, 0.03700000047683716, 0.1379999965429306, 0.08500000089406967]
[0.0, 0.9990000128746033, 0.0010000000474974513, 0.0]
[0.02500000037252903, 0.0020000000949949026, 0.3400000035762787, 0.0]
[0.0, 1.0, 0.0, 0.0]
[0.0, 1.0, 0.0, 0.0]
[0.0, 0.0, 0.0, 0.0]
[0.0, 0.0, 0.0, 0.0]
[1.0, 0.0, 0.0, 0.0]
[1.0, 0.0, 0.0, 0.0]
[0.0, 0.0, 0.0, 0.0]
[1.0, 0.0, 0.0, 0.0]
[0.0010000000474974513, 0.9990000128746033, 1.0, 0.0]
[1.0, 1.0, 1.0, 0.0]
[0.0, 0.0, 0.9990000128746033, 0.0]
[0.1509999930858612, 0.03700000047683716, 0.1379999965429306, 0.08500000089406967]
[0.0, 0.0, 0.0, 0.0]
[0.0, 0.0, 0.0, 0.0]
[0.0, 1.0, 0.0, 0.0]
[1.0, 0.9980000257492065, 0.020999999716877937, 0.9980000257492065]
[0.0, 1.0, 0.0, 0.0]
[0.0, 0.0430000014603138, 0.13300000131130219, 0.0]
[0.1509999930858612, 0.03700000047683716, 0.1379999965429306, 0.08500000089406967]
[1.0, 1.0, 1.0, 1.0]
[1.0, 1.0, 1.0, 0.0]
[0.0, 1.0, 0.9990000128746033, 0.0]
[1.0, 0.0, 1.0, 0.0]
[1.0, 0.9990000128746033, 0.9990000128746033, 0.0]
[1.0, 1.0, 1.0, 0.0]
[1.0, 0.0, 0.0, 0.0]
[1.0, 0.0, 0.0, 0.0]
[0.0, 0.0, 0.0, 0.0]
[0.0, 0.0, 1.0, 0.0]
[1.0, 1.0, 1.0, 0.0]
[1.0, 0.0010000000474974513, 1.0, 0.0]
[0.996999979019165, 0.0010000000474974513, 0.5789999961853027, 0.0010000000474974513]
[0.0, 0.0010000000474974513, 0.0, 0.0]
[0.0, 0.0, 0.0, 0.0]
[0.984000027179718, 1.0, 0.0, 1.0]
[1.0, 0.06300000101327896, 0.16699999570846558, 0.004999999888241291]
[0.9990000128746033, 0.004999999888241291, 0.0, 0.0]
[0.1509999930858612, 0.03700000047683716, 0.1379999965429306, 0.08500000089406967]
[0.9990000128746033, 0.0, 0.0, 0.0]
[0.0, 0.0, 0.0, 0.0]
[0.0, 0.0, 0.0, 0.0]
[0.0, 0.0, 1.0, 0.0]
[0.0, 1.0, 1.0, 0.0]
[0.9990000128746033, 1.0, 1.0, 0.9419999718666077]
[0.8100000023841858, 1.0, 1.0, 0.9990000128746033]
[0.9990000128746033, 1.0, 1.0, 0.0]
[0.9959999918937683, 0.9909999966621399, 1.0, 0.9990000128746033]
[1.0, 1.0, 1.0, 0.0]
[0.0, 0.9919999837875366, 0.0020000000949949026, 0.003000000026077032]
[0.0, 1.0, 0.0, 0.0]
[1.0, 1.0, 0.0, 0.0]
[0.0, 1.0, 0.0, 0.0]
[1.0, 1.0, 1.0, 1.0]
[1.0, 1.0, 1.0, 1.0]
[1.0, 1.0, 1.0, 1.0]
[0.11400000005960464, 1.0, 1.0, 0.9990000128746033]
[0.0, 0.0, 1.0, 0.0]
[0.1509999930858612, 0.07800000160932541, 0.14399999380111694, 0.17499999701976776]
[0.0, 0.0, 0.0010000000474974513, 0.0]
[0.0, 0.0, 0.0, 1.0]
[1.0, 0.0, 0.0, 1.0]
[1.0, 0.0, 0.0, 1.0]
[0.0, 1.0, 0.0, 1.0]
[1.0, 1.0, 0.0010000000474974513, 1.0]
[1.0, 1.0, 0.0, 1.0]
[0.0, 1.0, 1.0, 1.0]
[0.0, 1.0, 1.0, 0.0]
[0.0, 1.0, 0.0, 0.0]
[0.0, 0.0, 0.0, 0.0]
[1.0, 0.0, 0.0, 0.0]
[0.0, 1.0, 0.0, 0.0]
[0.0, 0.0, 1.0, 0.0]
[0.0010000000474974513, 0.003000000026077032, 0.014000000432133675, 0.0]
[0.0, 0.0, 0.0, 0.0]
[0.0, 0.0, 0.0, 0.0]
[0.0, 1.0, 0.0, 0.0]
[0.0, 0.0, 0.0, 0.0]
[0.0, 1.0, 0.0, 0.0]
[0.0, 0.0, 0.0, 0.0]
[0.0, 1.0, 0.0, 0.0]
[1.0, 0.0, 1.0, 0.0]
[0.0, 0.0, 0.9490000009536743, 0.0010000000474974513]
[0.0, 1.0, 0.0, 0.0]
[0.0, 0.0, 0.0010000000474974513, 0.0]
[0.0, 0.0, 0.0, 0.0]
[0.0, 0.0, 0.0, 0.0]
[1.0, 0.0, 1.0, 0.0]
[1.0, 0.0010000000474974513, 1.0, 0.0010000000474974513]
[0.0, 0.0, 0.0, 0.0]
[0.0, 0.12800000607967377, 0.0, 0.0]
[0.0, 0.0, 1.0, 0.0]
[0.1509999930858612, 0.03700000047683716, 0.1379999965429306, 0.08500000089406967]
[0.1509999930858612, 0.03700000047683716, 0.1379999965429306, 0.08500000089406967]
[0.0, 0.003000000026077032, 0.24799999594688416, 0.0]
[0.0, 1.0, 0.0, 0.0]
[0.0, 1.0, 0.0, 0.0]
[0.0, 1.0, 0.0, 0.0]
[0.0, 0.0, 0.0, 0.0]
[0.003000000026077032, 0.9750000238418579, 0.07400000095367432, 1.0]
[0.0, 1.0, 0.0, 1.0]
[0.06700000166893005, 0.9990000128746033, 0.7120000123977661, 0.875]
[0.0, 1.0, 1.0, 1.0]
[1.0, 1.0, 1.0, 1.0]
[1.0, 1.0, 1.0, 0.0]
[0.0, 0.0, 0.0, 0.9300000071525574]
[0.0, 0.0, 1.0, 0.0]
[1.0, 0.0, 0.0, 0.0]
[0.0, 0.0, 0.0, 0.0]
[0.0, 0.0, 0.0, 0.0]
[0.0, 0.0, 0.0, 0.0]
[0.0, 0.0010000000474974513, 0.0020000000949949026, 0.0010000000474974513]
[0.0, 0.0, 0.0, 0.0]
[1.0, 0.0, 1.0, 0.0]
[0.7039999961853027, 0.0, 0.0, 0.0]
[0.0, 0.0, 0.0, 0.0]
[0.1509999930858612, 0.03700000047683716, 0.1379999965429306, 0.08500000089406967]
[1.0, 0.0, 1.0, 1.0]
[0.9990000128746033, 0.0, 0.0, 0.0]
[1.0, 1.0, 0.0, 0.0]
[0.8339999914169312, 1.0, 0.03200000151991844, 0.9440000057220459]
[1.0, 0.0, 0.0, 0.0010000000474974513]
[1.0, 1.0, 1.0, 1.0]
[0.9909999966621399, 0.9980000257492065, 0.9959999918937683, 0.30399999022483826]
[0.0, 1.0, 1.0, 1.0]
[0.0, 1.0, 0.0, 0.0]
[0.1509999930858612, 0.03799999877810478, 0.1379999965429306, 0.08399999886751175]
